//VALUE RANGE
max intensity: 5
number of seasons: 4

//CLOUDS
	P(0)	P(1)	P(2)	P(3)	P(4)	P(5)
Winter, 0.05,	0.1,	0.2,	0.3,	0.25,	0.2
Spring,	0.07,	0.0,	0.2,	0.25,	0.45,	0.03
Summer, 0.5,	0.45,	0.03,	0.02,	0.0,	0.0,	
Autumn,	0.1,	0.1,	0.15,	0.3,	0.25,	0.1,

//RAIN
	P(0)	P(1)	P(2)	P(3)	P(4)	P(5)
Winter, 0.3,	0.3,	0.2,	0.15,	0.05,	0.0
Spring,	0.1,	0.05,	0.15,	0.2,	0.4,	0.1
Summer, 0.95,	0.5,	0.00,	0.0,	0.0,	0.0	
Autumn,	0.1,	0.15,	0.2,	0.3,	0.25,	0.2

//SNOW
	P(0)	P(1)	P(2)	P(3)	P(4)	P(5)
Winter, 0.05,	0.05,	0.10,	0.2,	0.4,	0.2
Spring,	0.2,	0.45,	0.25,	0.07,	0.02,	0.01
Summer, 1.0,	0.0,	0.0,	0.0,	0.0,	0.0	
Autumn,	0.1,	0.15,	0.2,	0.3,	0.15,	0.1

//LIGHTNING
	P(0)	P(1)	P(2)	P(3)	P(4)	P(5)
Winter, 0.7,	0.01,	0.09,	0.1,	0.09,	0.01
Spring,	0.5,	0.25,	0.15,	0.07,	0.02,	0.01
Summer, 0.95,	0.03,	0.02,	0.0,	0.0,	0.0	
Autumn,	0.7,	0.01,	0.09,	0.1,	0.09,	0.01
